year,county,flag_yr,aian,asian,black_african_american,hawaiian_pacific_islander,white,two_or_more_races,other,hispanic_white,hispanic_two_or_more_races,hispanic_other
2012,Alameda,FALSE,0.491578692884197,11.612539286002095,40.391651220888065,1.3796438069143364,19.356918365702313,0.006446933677169796,0.001611733419292449,0.07736320412603756,26.624224353291964,0.05802240309452816
2012,Alpine,FALSE,57.142857142857146,0,0,1.1904761904761905,40.476190476190474,0,0,0,1.1904761904761905,0
2012,Amador,FALSE,2.9120559114735003,0.5824111822947,0.5824111822947,0.05824111822947001,84.2748980780431,1.57251019219569,2.15492137449039,4.8340128130460105,0.17472335468841002,2.8538147932440303
2012,Butte,FALSE,2.473548756076637,5.075779239348012,3.6459822705175866,0.27166142407778093,73.79897054618245,1.6585644838432942,0.8507291964541035,3.831855876465542,0.20732056048041178,8.18558764655419
2012,Calaveras,FALSE,1.7446471054718478,0.7930214115781126,0.7930214115781126,0.1586042823156225,86.08247422680412,1.1102299762093577,0.47581284694686754,3.291038858049167,0.11895321173671689,5.432196669310072
2012,Colusa,FALSE,2.5677603423680457,1.2838801711840229,2.425106990014265,0.42796005706134094,38.80171184022824,1.7118402282453637,1.4265335235378032,33.66619115549216,0.5706134094151213,17.118402282453637
2012,Contra Costa,FALSE,0.6610668041362161,5.136913606452983,30.718379476604905,0.8824332110258665,28.69879006580344,1.819449919640962,2.1317888225126604,0.2577554052824696,0.35176031779725264,29.341662370743244
2012,Del Norte,FALSE,12.476226702168125,5.058957778623051,0.6846709775580069,0.26626093571700266,69.7984024343857,1.711677443895017,0.5705591479650057,5.058957778623051,0.07607455306200075,4.298212248003043
2012,El Dorado,FALSE,1.1346817957572768,1.1017924683440223,1.2004604505837855,0.1808913007728992,77.17480677520145,0.6906758756783424,6.39697418187798,3.223154086498931,0.1315573096530176,8.765005755632297
2012,Fresno,FALSE,1.0298255486775465,6.74732695554305,10.889138998311761,0.48621271806415306,19.570061902082163,0.5649971862689926,1.0534608891389983,3.924592009003939,0.16319639842431063,55.57118739448509
2012,Glenn,FALSE,2.4964336661911557,4.279600570613409,1.9258202567760343,0.28530670470756064,54.42225392296719,0.927246790299572,0,34.165477888730386,0.07132667617689016,1.4265335235378032
2012,Humboldt,FALSE,10.870101059896475,2.464875523786049,2.230712349026374,0.43135321666255855,69.5218141483855,2.674389943307863,3.648015775203352,2.181414838550653,0.23416317475967463,5.743159970421494
2012,Imperial,FALSE,0.9546199330341241,0.3134572914440408,1.8166274845052361,0.04274417610600555,9.08313742252618,0.192348792477025,1.1398446961601483,81.85509724300064,0.3205813207950417,4.2815416399515565
2012,Inyo,FALSE,23.301985370950888,0.4179728317659352,0.31347962382445144,0.31347962382445144,52.97805642633229,1.7763845350052248,0.522466039707419,3.239289446185998,0.31347962382445144,16.823406478578892
2012,Kern,FALSE,0.39022705689372356,1.270827937494604,11.651558318224986,0.14331347664681,30.28231028231028,0.5836139169472503,1.6230682897349564,29.235949235949235,0.32634032634032634,24.492791159457827
2012,Kings,FALSE,0.3428927680798005,2.2132169576059852,8.07356608478803,0.09351620947630923,26.4546965918537,0.32211138819617624,1.4546965918536992,6.244804655029094,0.17664172901080633,54.6238570241064
2012,Lake,FALSE,2.638365403689744,0.7141440190438405,3.5508827613568736,0.1586986708986312,77.16722872445943,1.3687760365006942,0.8926800238048006,3.312834755008927,0.21821067248561793,9.978178932751439
2012,Lassen,FALSE,5.62364816149964,0.8651766402307137,1.514059120403749,1.1535688536409516,80.31723143475126,1.5861571737563085,0.14419610670511895,2.523431867339582,0.2883922134102379,5.984138428262437
2012,Los Angeles,TRUE,0.13365984247094687,3.1262089348993394,20.219194404468997,0.18607925970629652,11.51911858007211,6.000185692400539,0,40.310144994816085,0.34237036349287403,18.16303792767281
2012,Madera,FALSE,0.9102232442272684,0.776085081920092,3.8421002203698382,0.07665037846124365,27.067164894126666,0.3449267030755964,1.7054709207626713,29.42416403180991,0.5269713519210502,35.326243173325665
2012,Marin,FALSE,0.5594658003970402,4.1508752932683635,12.84966612524815,0.36094567767550984,47.84334957588883,1.2994044396318354,0.5414185165132648,24.29164410756181,1.0106478974914275,7.0925825663237685
2012,Mariposa,FALSE,4,0.45714285714285713,0.34285714285714286,0,81.48571428571428,4.228571428571429,0.22857142857142856,7.428571428571429,0.22857142857142856,1.6
2012,Mendocino,FALSE,6.807511737089202,0.731842032587683,1.712234189450428,0.1795084230875449,68.71030102181717,1.9469759734879868,1.1460922397127866,5.412869373101353,0.3728251864125932,12.979839823253245
2012,Merced,FALSE,0.4363041403444985,5.099304640276326,7.580784438485661,0.2499659137390356,27.15084306685452,0.5771940189974094,0.04999318274780712,56.12870972140163,0.27269008771531156,2.454210789437804
2012,Modoc,FALSE,4.100227790432802,0.45558086560364464,0.45558086560364464,0.683371298405467,77.44874715261959,1.5945330296127562,9.339407744874716,1.8223234624145785,0.683371298405467,3.416856492027335
2012,Mono,FALSE,3.3557046979865772,1.5659955257270695,0.6711409395973155,0,64.20581655480984,0.8948545861297539,0.44742729306487694,24.384787472035793,0.44742729306487694,4.026845637583893
2012,Monterey,FALSE,0.2690815006468305,2.059508408796895,4.093143596377749,0.4087968952134541,16.755498059508408,0.5795601552393272,2.4579560155239326,18.023285899094436,1.1694695989650712,54.183699870633895
2012,Napa,FALSE,0.46349942062572425,2.2885283893395134,2.72305909617613,0.492468134414832,42.46813441483198,1.477404403244496,0.28968713789107764,43.858632676709156,0.3186558516801854,5.619930475086906
2012,Nevada,FALSE,1.1726206708481046,0.8181074447777474,0.5726752113444232,0.13635124079629124,88.19198254704118,1.3635124079629124,0.29997272975184075,6.08126533951459,0.19089173711480775,1.1726206708481046
2012,Orange,FALSE,0.403242272040508,11.875740128220833,3.3198578953816,0.8595696026787537,25.560455714810733,0.3123851525174568,0,2.3316591122544814,0.037772060925313405,55.29931806117032
2012,Placer,FALSE,1.7381791661602042,2.1028321380819253,3.172480855718974,0.9602528260605324,76.09092014099915,0,0,0,15.935334872979215,0
2012,Plumas,FALSE,2.513227513227513,0.26455026455026454,2.380952380952381,0,85.31746031746032,2.7777777777777777,1.3227513227513228,2.6455026455026456,0.3968253968253968,2.380952380952381
2012,Riverside,FALSE,0.371679147518172,1.7723419448157167,12.479630884156947,0.3423842393393998,28.362963912334987,0.6994159327681857,3.5520076166761263,11.839720233626892,0.1592910632220737,40.4205650255415
2012,Sacramento,FALSE,1.8931055736550144,6.581843796777318,26.776437439464647,4.597384872765695,40.24610372457515,0,0,16.533855771770714,0,3.371268820991459
2012,San Benito,FALSE,0.22970903522205208,0.7274119448698315,0.6891271056661562,0.07656967840735068,24.617151607963248,0.22970903522205208,0,72.77947932618683,0.22970903522205208,0.4211332312404288
2012,San Bernardino,FALSE,0.42733633611849353,1.800352156795505,17.59596932147167,0.3930439140842934,25.486523737610213,0.7102488179006443,2.3193547748900336,18.848961665028984,0.1879488515335967,32.230260424566566
2012,San Diego,FALSE,0.6897411023397798,4.6243803454935435,13.548295226991572,1.1009157981862034,32.84324632212245,0.181557657906213,1.0786660852075007,3.153229323341729,0.04983935707229377,42.73012878133872
2012,San Francisco,FALSE,0.8963840777879064,22.37010027347311,25.13825584928593,1.5223336371923428,22.08143421452446,8.201154664235794,0,0,0,19.790337283500456
2012,San Joaquin,FALSE,0.5343685773007536,10.733044073989495,16.558575017127197,0.4818451701301667,26.535738753139988,0.9340031970769582,1.5848367207124914,17.978990637131766,0.6302808860470427,24.028316967344143
2012,San Luis Obispo,FALSE,1.5170243847623328,1.6518709967412069,1.6181593437464883,0.12360939431396786,69.05270255084841,0,0,25.384874705023037,0,0.6517586245645578
2012,San Mateo,TRUE,1.3297090802233325,31.54569497502204,21.525124889803116,15.927123126652953,0.8962679988245665,0,0.0073464590067587425,28.768733470467236,0,0
2012,Santa Barbara,FALSE,0.5141931393956469,1.070648728604635,2.859759104036064,0.22539973233781785,27.03388039726703,0.47897443121786293,0.11269986616890892,59.26604212157498,7.48045361696133,0.9579488624357259
2012,Santa Clara,FALSE,1.3458950201884252,18.263387576981117,7.2474407602267625,0.6709082752151393,22.013540519597047,0,0,0,0,50.45882784779151
2012,Santa Cruz,FALSE,0.40058266569555717,0.22760378732702113,0.1638747268754552,0.19118718135469775,4.351784413692644,47.15950473415877,0,40.00364166059723,2.166788055353241,5.335032774945375
2012,Shasta,FALSE,3.7123342707914824,2.24186420249096,1.7276014463640017,0.20891924467657694,80.2973081558859,1.8963439132181599,3.398955403776617,2.6195259140216955,0.18481317798312574,3.7123342707914824
2012,Sierra,FALSE,1.9230769230769231,0,0,0.6410256410256411,91.66666666666667,0,0,1.2820512820512822,1.2820512820512822,3.2051282051282053
2012,Siskiyou,FALSE,6.8407502758367045,1.4343508642883414,2.3170283192350127,0.25744759102611253,77.6756160353071,2.096358955498345,1.250459727841118,2.206693637366679,0.3677822728944465,5.553512320706142
2012,Solano,FALSE,1.0223514082389495,6.244362032675153,34.58955597875113,1.7590458053523104,29.47779893755638,1.0824897263706525,0.4059336473889947,2.5809361531522503,21.384183622331363,1.4533426881828204
2012,Sonoma,FALSE,2.3980424143556283,2.147906470908102,3.9858618814573137,0.7014681892332789,54.676454594888526,0,0.5492115280043501,2.5122349102773245,0,33.02882001087548
2012,Stanislaus,FALSE,0.38215605954640824,3.526825856728944,5.6174443001298835,0.5445099410530523,43.28604256169447,0.7693076231391748,2.4727745029473476,17.15955639924068,0.13987411329803176,26.101508642222
2012,Sutter,FALSE,1.3505341664986898,4.8377343277565,3.688772424914332,0.22172949002217296,53.073977020761944,1.854464825639992,0.705502922797823,10.945373916549082,1.2699052610360815,22.05200564402338
2012,Tehama,FALSE,1.9909931263332543,0.711068973690448,0.8058781701825077,0.2844275894761792,73.69044797345343,1.6354586394880304,1.4932448447499407,2.180611519317374,0.40293908509125387,16.804930078217588
2012,Trinity,FALSE,5.154639175257732,0,0.5154639175257731,0.12886597938144329,84.14948453608247,2.577319587628866,2.8350515463917527,2.577319587628866,0,2.0618556701030926
2012,Tulare,FALSE,0.31181999685936695,1.1283845929515222,1.6039661708953048,0.0695425892276286,18.406353052022343,2.871435942302084,0,69.05803441236512,6.550463243376629,0
2012,Tuolumne,FALSE,1.5607985480943738,0.617059891107078,0.6896551724137931,0.2540834845735027,87.47731397459165,1.3793103448275863,0.7622504537205081,4.682395644283122,0.3629764065335753,2.2141560798548094
2012,Ventura,FALSE,0.5210331159698248,1.7932489451476794,3.500191791331032,0.3899757064314026,33.62741337424882,0,0,0,60.168137066871246,0
2012,Yolo,FALSE,2.4207119741100325,5.268608414239482,7.145631067961165,0.22006472491909385,46.3042071197411,0,0,38.640776699029125,0,0
2012,Yuba,FALSE,2.042936288088643,6.405817174515235,4.6225761772853184,0.4155124653739612,62.257617728531855,2.0775623268698062,1.0387811634349031,6.024930747922438,0.3808864265927978,14.733379501385041
2012,Statewide,FALSE,0.74289666770645435,5.1059905334110915,15.248260616006402,0.7870017495558298,25.732521394762184,2.552615518153337,0.8578519794393283,21.701761762033282,2.6581856156673402,24.61291416326475
2013,Alameda,FALSE,0.5423459244532803,12.157455268389661,39.10616302186879,1.4139165009940358,19.570576540755468,0.006361829025844931,0.004771371769383698,0.13996023856858847,26.99165009940358,0.06679920477137177
2013,Alpine,FALSE,62.637362637362635,0,1.098901098901099,0,32.967032967032964,0,0,0,0,3.2967032967032965
2013,Amador,FALSE,2.6112759643916914,0.47477744807121663,0.47477744807121663,0.11869436201780416,83.560830860534125,2.077151335311573,2.373887240356083,4.629080118694362,0.29673590504451036,3.3827893175074184
2013,Butte,FALSE,2.2602321319486864,4.6697889092513405,3.7195411660897304,0.31901174234711194,73.61026267562615,1.9412203896015747,1.140297291793932,4.303264779746148,0.23077445191067672,7.805606461684653
2013,Calaveras,FALSE,1.7468944099378882,0.8152173913043478,0.9316770186335404,0.3105590062111801,85.09316770186335,1.281055900621118,0.5046583850931677,3.299689440993789,0.2329192546583851,5.78416149068323
2013,Colusa,FALSE,3.506311360448808,1.262272089761571,2.244039270687237,0.2805049088359046,38.42917251051893,1.1220196353436185,2.3842917251051894,31.55680224403927,0.5610098176718092,18.653576437587656
2013,Contra Costa,TRUE,0.76993583868011,5.423159181179346,31.17018026275588,1.0357470210815765,28.02322028719829,2.5328444851817906,1.7995722578674,0.2383134738771769,0.2322028719828903,28.77482432019554
2013,Del Norte,FALSE,12.316831683168317,4.99009900990099,0.43564356435643564,0.31683168316831684,69.26732673267327,2.1386138613861387,1.3465346534653466,4.712871287128713,0,4.475247524752476
2013,El Dorado,FALSE,0.98483664217602,1.31311552290136,1.2662185399405972,0.18758793184305142,75.28528997967797,1.0942629357511333,7.753634516179459,3.1420978583711117,0.1563232765358762,8.816632796623416
2013,Fresno,FALSE,1.5487481136336099,8.824339358690503,12.526574358635427,0.6443937741647665,30.067303349746098,0,0.005507639095425355,0,46.38313340603417,0
2013,Glenn,FALSE,3.214535290006988,4.053109713487072,1.816911250873515,0.20964360587002095,54.85674353598882,0.6988120195667366,0,34.17190775681342,0.20964360587002095,0.7686932215234102
2013,Humboldt,FALSE,10.326827054017249,2.6441216522923288,2.076713572401271,0.3631411711302769,68.78120744439401,2.882433045846573,4.323649568769859,2.2582841579664095,0.26100771674988654,6.082614616432138
2013,Imperial,FALSE,1.0400881664141066,0.3719520595123295,1.8253202920512468,0.05510400881664141,9.147265463562475,0.21352803416448546,1.4189282270285164,81.70546907287505,0.351288056206089,3.871056619369059
2013,Inyo,FALSE,25.236294896030245,0.4725897920604915,0.4725897920604915,0.5671077504725898,51.70132325141777,1.9848771266540643,0.2835538752362949,3.780718336483932,0.5671077504725898,14.93383742911153
2013,Kern,FALSE,0.442782147828858,1.3702765711218825,11.648189457088707,0.13920802374922428,30.67272696778089,0.6775908625865857,1.5195478255035808,29.87605454271003,0.36730791808530266,23.28631568354494
2013,Kings,FALSE,0.3515468059461631,2.0188830855765367,8.065488147850543,0.17075130574527922,25.6428284451587,0.34150261149055844,2.581357975090398,6.147047006830053,0.1807955002008839,54.499799116110886
2013,Lake,FALSE,2.5827434474842166,0.6696001530514636,3.2332121675913528,0.21044576238760282,76.4492060455328,1.54964606849053,1.6835660991008226,3.003634972259422,0.2487086282762579,10.369236655825521
2013,Lassen,FALSE,4.908835904628331,0.7713884992987378,1.8934081346423561,1.1921458625525947,78.96213183730715,1.5427769985974755,0.7012622720897616,3.4361851332398317,0.2805049088359046,6.3113604488078545
2013,Los Angeles,FALSE,0.13827860178990978,3.103646178955109,19.81078608963897,0.1892139103610309,11.686604372545151,6.284412719479168,0,40.47904299011783,0.3350251986297685,17.97298993848306
2013,Madera,FALSE,0.9615384615384616,0.7541478129713424,3.987556561085973,0.05656108597285068,27.667797888386122,0.2733785822021116,2.0833333333333335,29.732277526395173,0.44306184012066363,34.040346907993964
2013,Marin,FALSE,0.5380076362374175,4.30406108989934,11.714682401943769,0.3123915307185005,45.85213467545991,1.3884068031933356,0.5032974661575842,26.553280111072546,0.9892398472752516,7.844498438042346
2013,Mariposa,FALSE,4.3478260869565215,0.5434782608695652,0.5434782608695652,0.21739130434782608,81.52173913043478,3.4782608695652173,0.10869565217391304,7.173913043478261,0.32608695652173914,1.7391304347826086
2013,Mendocino,FALSE,7.005633395926622,0.7944532717030189,1.7189079878665319,0.17333525928065868,67.99075545283837,1.7911310125668063,1.834464827386971,5.171168568539651,0.34667051856131736,13.17347970533006
2013,Merced,FALSE,0.396410524481617,5.118487541383517,7.21815647325318,0.30057501306847884,26.803450078410872,0.7231224952082245,0.08712319219376198,56.49503397804496,0.30057501306847884,2.557065690886914
2013,Modoc,FALSE,3.855421686746988,0.4819277108433735,0.24096385542168675,0.24096385542168675,77.59036144578313,1.6867469879518073,1.6867469879518073,2.1686746987951806,0.7228915662650602,11.325301204819278
2013,Mono,FALSE,5.75,1.25,1,0.25,64.25,1.5,0.75,21.25,0.5,3.5
2013,Monterey,FALSE,0.2523128679562658,2.2262900113788158,4.061742442982239,0.4056795131845842,17.19685351011725,0.6975708702320289,2.948597437292831,16.415178350566467,0.9746202938702815,54.821154702419236
2013,Napa,FALSE,0.3445036016285625,2.2862511744440965,2.4428437206388978,0.281866583150642,42.84372063889759,1.3153773880363295,0.2505480739116818,46.38271218290009,0.3445036016285625,3.5076730347635454
2013,Nevada,FALSE,1.1544381734222677,0.8722421754746024,0.513083632632119,0.1539250897896357,87.60903027193433,1.6931759876859929,0.4874294510005131,6.105695228322216,0.17957927142124167,1.2314007183170856
2013,Orange,FALSE,0.3779860901118839,12.072875718173572,3.3574614454188088,0.9563048079830663,25.8476338070759,0.11056093135772603,0,2.7196099183550047,0.014174478379195646,54.54339280314485
2013,Placer,FALSE,1.5566037735849056,3.172169811320755,3.207547169811321,0.2358490566037736,76.26179245283019,15.566037735849056,0,0,0,0
2013,Plumas,FALSE,3.3635187580853816,0.517464424320828,3.4928848641655885,0,80.98318240620958,1.6817593790426908,3.7516170763260024,2.4579560155239326,0.258732212160414,3.4928848641655885
2013,Riverside,FALSE,0.3799654576856649,1.8290155440414508,12.329879101899827,0.35664939550949915,28.196891191709845,0.8264248704663213,4.0310880829015545,12.946459412780657,0.17962003454231434,38.924006908462864
2013,Sacramento,FALSE,1.983675018982536,6.784147473213532,26.690500295283893,4.603264996203492,40.729140302033244,0,0,16.897620855479627,0,2.3116510588036783
2013,San Benito,FALSE,0.2608047690014903,0.7451564828614009,0.5588673621460507,0.11177347242921014,23.62146050670641,0.4098360655737705,0.11177347242921014,65.01490312965723,0.3353204172876304,8.830104321907601
2013,San Bernardino,FALSE,0.39377226315756525,1.799207447241403,17.213294352592072,0.3875119728052987,25.212067335683027,0.761251306835611,2.7513976098211437,20.74660222741131,0.2291266268929553,30.505768857559612
2013,San Diego,FALSE,0.7449351751372786,4.50306378048482,13.396594348936448,1.1871639428529468,34.37635136789027,0.2202984636221963,0.8926167377877139,4.091839981723386,0.056298496259005716,40.53083770530593
2013,San Francisco,FALSE,0.8941924227318045,23.80358923230309,24.545114656031906,1.4425473579262214,21.242522432701893,8.007228315054835,0,0,0,20.064805583250248
2013,San Joaquin,FALSE,0.536581211140448,10.844476620390086,16.261391704284133,0.5514862447832383,26.243505663912785,1.217954177668001,2.033472446980666,17.264287539391873,0.6792436760071544,24.367600715441615
2013,San Luis Obispo,FALSE,1.481980464802964,1.7289772089367912,1.8973840799371282,0.1908611204670484,69.10295273380487,0,0,25.014033905916694,0,0.5838104861345009
2013,San Mateo,FALSE,0.7934865107293176,29.634996205064514,19.5335679293452,8.252259711584903,2.083764576002208,0,0.027599530807976263,39.67432553646588,0,0
2013,Santa Barbara,FALSE,0.5298382598996096,1.0317902955939766,2.9559397657557165,0.22308979364194087,26.589514779698828,0.46709425543781374,0.08365867261572783,60.53402119353039,6.539319576129392,1.0457334076965978
2013,Santa Clara,FALSE,1.4647391769925042,19.253862628116874,7.22999847024629,0.6654428636989445,23.89092856050176,0,0,0,0,47.49502830044363
2013,Santa Cruz,FALSE,0.37797440082467143,0.24911949145262435,0.13744523666351688,0.6442745468602353,5.678206339661541,44.0683790052401,0.7129971651919939,39.6014088136758,1.898462331414827,6.631732669014689
2013,Shasta,FALSE,3.4673830912601797,2.19964738477038,1.7378893459827052,0.21828561833599194,80.75728318361179,2.359163798169759,2.7873394341365123,2.795735034841743,0.24347242045168332,3.433800688439258
2013,Sierra,FALSE,1.2820512820512822,0,0,0,91.02564102564102,0.6410256410256411,0.6410256410256411,2.5641025641025643,0,3.8461538461538463
2013,Siskiyou,FALSE,6.241379310344827,1.5862068965517242,2.5517241379310347,0.13793103448275862,75.82758620689656,2.7586206896551726,2.310344827586207,2.7586206896551726,0.3103448275862069,5.517241379310345
2013,Solano,FALSE,1.0201135598113753,6.640361851602348,33.89471658165721,1.660090462900587,29.20796843422192,1.4050620729477432,0.8372630160716005,3.031469540948898,20.56587431431046,1.7370801655278607
2013,Sonoma,FALSE,2.3814620571550895,2.17810125227443,4.110028898640693,0.7599272182382533,55.64058653537408,0,0.45488601091726427,2.5848228620357485,0,31.890185165364443
2013,Stanislaus,FALSE,0.361106430101832,3.637545439225788,5.604371795180433,0.541659645152748,42.73574231445148,0.943691470666121,2.267748381039505,20.325477262331784,0.16129420544548498,23.421363056404825
2013,Sutter,FALSE,1.112176414189837,4.793863854266539,3.815915627996165,0.3068072866730585,52.80920421860019,1.99424736337488,1.093000958772771,9.913710450623203,1.2655800575263663,22.89549376797699
2013,Tehama,FALSE,2.199074074074074,0.8796296296296297,1.1111111111111112,0.18518518518518517,72.47685185185185,1.3888888888888888,1.9907407407407407,2.638888888888889,0.3472222222222222,16.78240740740741
2013,Trinity,FALSE,5.2493438320209975,0.3937007874015748,0.3937007874015748,0.13123359580052493,81.10236220472441,4.330708661417323,3.4120734908136483,1.968503937007874,0.13123359580052493,2.8871391076115485
2013,Tulare,FALSE,0.3658195433711347,1.1985969744571883,1.6096059908329927,0.030126315336446385,18.01338469152805,3.346172882012438,0,68.45129220373997,6.985001398721783,0
2013,Tuolumne,FALSE,1.5205091937765205,0.5304101838755304,0.884016973125884,0.3536067892503536,85.32531824611033,2.0155586987270158,0.8132956152758133,5.657708628005658,0.6718528995756718,2.227722772277228
2013,Ventura,FALSE,0.7446016381236039,1.6381236038719285,3.1645569620253164,1.0269297592454703,34.155497642094815,0.08997269793993547,0,0,59.180317696698935,0
2013,Yolo,FALSE,2.0127388535031847,4,7.452229299363057,1.9617834394904459,47.42675159235669,0,0,37.146496815286625,0,0
2013,Yuba,FALSE,1.9481648982431727,5.879283353626717,4.26161071490694,0.4000695773177944,62.32388241433293,2.6787267350843624,1.217603061401983,6.018437989215515,0.5392242129065925,14.732997042963994
2013,Statewide,FALSE,0.7638294827886158,5.265585158237263,15.077654281717196,0.7672265680894278,26.202079222088056,2.737741926517957,0.8931760791664994,22.167422775501045,4.674492315895992,21.45079218999795
2014,Alameda,FALSE,0.5107778819119025,13.898781630740393,35.7185254607935,1.2558575445173383,21.790065604498594,0.004686035613870665,0.014058106841611996,0.2139956263667604,26.526085598250546,0.06716651046547954
2014,Alpine,FALSE,53.50877192982456,0,0,0,42.98245614035088,0,0,1.7543859649122806,0,1.7543859649122806
2014,Amador,FALSE,2.2033898305084745,0.6214689265536724,0.7344632768361582,0.1694915254237288,82.82485875706215,2.0338983050847457,2.824858757062147,4.519774011299435,1.2994350282485876,2.768361581920904
2014,Butte,FALSE,2.170701945925117,4.662513647164601,3.6799177959026395,0.3403763406332284,72.0698734827564,2.600989018046368,1.3422387772140518,4.322137306531372,2.35694560400745,6.454306081818766
2014,Calaveras,FALSE,2.023121387283237,0.9393063583815029,0.541907514450867,0.25289017341040465,85.4407514450867,1.48121387283237,0.541907514450867,3.5765895953757227,0.9754335260115607,4.226878612716763
2014,Colusa,FALSE,2.3448275862068964,0.8275862068965517,1.5172413793103448,0.27586206896551724,40.41379310344828,1.6551724137931034,3.310344827586207,27.17241379310345,8.275862068965518,14.206896551724139
2014,Contra Costa,FALSE,0.6037414965986394,5.481859410430839,29.991496598639454,0.9580498866213152,27.261904761904763,3.183106575963719,2.806122448979592,0.35714285714285715,0.2947845804988662,29.061791383219955
2014,Del Norte,FALSE,12.37721021611002,4.950884086444008,0.550098231827112,0.3143418467583497,67.93713163064832,2.8290766208251474,1.3359528487229861,4.282907662082515,1.8074656188605107,3.6149312377210214
2014,El Dorado,FALSE,1.106098093436181,1.2952990831028963,1.062436326590016,0.40750982389754037,74.67617522922427,1.2952990831028963,8.033765099694367,3.143647212923883,1.7755785184107118,7.204191529617232
2014,Fresno,FALSE,1.0977355889059766,6.338229835074508,10.626292623428965,1.3894044651853423,25.76549822347139,0,0.00636368457336798,0,54.77647557936045,0
2014,Glenn,FALSE,2.686762778505898,4.128440366972477,1.1795543905635648,0.1310615989515072,53.73525557011796,1.2450851900393185,0.6553079947575361,15.334207077326344,15.46526867627785,5.439056356487549
2014,Humboldt,FALSE,9.53464126623069,2.682210217041039,2.2936214576817364,0.5876220263482135,67.15951094682968,3.791109847407829,4.397687422993081,2.388399203866932,2.549521372381765,4.615676239219032
2014,Imperial,FALSE,1.060491967871486,0.3953313253012048,1.8386044176706828,0.10667670682730923,8.659638554216867,0.3200301204819277,1.4056224899598393,68.43624497991968,14.451556224899598,3.3258032128514055
2014,Inyo,FALSE,24.906367041198504,0.4681647940074906,0.37453183520599254,0.18726591760299627,53.27715355805243,1.8726591760299625,0.37453183520599254,3.932584269662921,4.119850187265918,10.486891385767791
2014,Kern,FALSE,0.4247553215543138,1.535902322426435,11.353725895539261,0.19057463096353242,30.8052585677832,0.8495106431086276,1.589198617526406,26.530249685067346,6.526373590878259,20.19445072515262
2014,Kings,FALSE,0.3525954946131244,1.860920666013712,7.8648383937316355,0.2546523016650343,25.112634671890305,0.5680705190989226,2.683643486777669,6.474045053868756,6.297747306562194,48.53085210577865
2014,Lake,FALSE,3.004524886877828,0.77828054298642535,3.5475113122171944,0.2171945701357466,74.46153846153847,1.7918552036199096,2.6063348416289593,2.7149321266968327,2.7873303167420813,8.09049773755656
2014,Lassen,FALSE,5.013020833333333,0.8463541666666666,2.4088541666666665,0.8463541666666666,77.47395833333333,2.0833333333333335,1.8880208333333333,3.1901041666666665,1.3020833333333333,4.947916666666667
2014,Los Angeles,FALSE,0.1241258263672622,3.1741722668415013,18.929273889526307,0.18405452658034202,10.988465005736764,7.64270201606294,0,40.4093591214555,0.33447385674479596,18.21337349068459
2014,Madera,FALSE,0.8342747892587121,0.8082037020943773,3.6499522030068654,0.1564265229860085,27.079169201355697,0.35630485791257493,3.0416268358390544,27.852611453897627,7.256452594073173,28.96497783957591
2014,Marin,FALSE,0.49871299871299873,4.601029601029601,10.183397683397683,0.6435006435006435,46.10682110682111,1.673101673101673,0.916988416988417,21.396396396396398,7.4967824967824965,6.483268983268983
2014,Mariposa,FALSE,3.482587064676617,0.39800995024875624,0.8955223880597015,0.29850746268656714,80.39800995024876,4.477611940298507,0.29850746268656714,6.865671641791045,1.1940298507462686,1.691542288557214
2014,Mendocino,FALSE,6.500198176773682,0.6870128154313648,1.823226317875545,0.25102391333069096,67.10265556876735,2.047826661381953,2.4441802087462015,5.271502179944511,2.5895098427797594,11.282864314968952
2014,Merced,FALSE,0.38982355354944603,5.18670496512105,6.9224456298727945,0.3487894952810833,26.6516208453016,0.9684037751333607,0.07386130488305294,42.7944193680755,14.415264669675832,2.2486663931062782
2014,Modoc,FALSE,7.494646680942184,0.21413276231263384,0.21413276231263384,0.21413276231263384,75.80299785867237,1.9271948608137044,2.569593147751606,1.284796573875803,1.9271948608137044,8.35117773019272
2014,Mono,FALSE,3.8314176245210727,1.1494252873563218,0.3831417624521073,0.5747126436781609,62.26053639846743,2.4904214559386975,0.9578544061302682,20.49808429118774,3.6398467432950192,4.21455938697318
2014,Monterey,FALSE,0.2711646291019395,2.403713576615498,3.718172626160493,0.5974813861568159,17.019027484143763,0.8594539939332659,3.433219965070319,14.63829396084199,10.938505377332476,46.12096700064344
2014,Napa,FALSE,0.3970504821327283,2.864435621100397,3.2047646057855927,0.45377197958026094,42.73964832671582,1.6165626772546795,0.11344299489506524,37.0391378332388,8.763471355643789,2.8077141236528647
2014,Nevada,FALSE,1.1371712864250179,0.8054963278843876,0.4975124378109453,0.21321961620469082,85.66690357735133,2.0848140251125327,1.6109926557687753,5.828002842928216,1.089789149490642,1.0660980810234542
2014,Orange,FALSE,0.3343711348999872,12.564507186420437,3.2524416769736,0.9553460997142491,24.77246556062609,0.10150552309463898,0,2.9274534055529493,0.058003156054079415,55.03390625666397
2014,Placer,FALSE,1.7379969585053225,2.2159461220942864,2.9871822724310233,1.2709102759070172,76.73256571801,15.055398653052357,0,0,0,0
2014,Plumas,FALSE,2.928870292887029,0.3138075313807531,4.079497907949791,0.10460251046025104,74.47698744769875,1.7782426778242677,9.518828451882845,2.510460251046025,0.5230125523012552,3.7656903765690375
2014,Riverside,FALSE,0.37727349512923025,1.8791276857609422,12.05103247447974,0.46254213155502644,28.31401381995447,1.0537916388471036,4.653576053992744,11.968177101349013,6.869756179965088,32.37070941896664
2014,Sacramento,FALSE,1.7516896218793718,6.729916651888633,25.397529112726843,4.406809718035112,41.98143878938346,0,0,17.760241177513745,0,1.972374928572836
2014,San Benito,FALSE,0.33210332103321033,0.5904059040590406,0.44280442804428044,0.22140221402214022,22.10332103321033,0.5535055350553506,0.922509225092251,49.52029520295203,19.2619926199262,6.051660516605166
2014,San Bernardino,FALSE,0.3769084245691028,1.9563342037158191,16.79529414489263,0.5118080603979829,25.115648936724543,0.9298232409492766,3.2231170500402384,18.948477602607674,6.826616335014272,25.31597200108846
2014,San Diego,FALSE,0.7269856167087514,4.739558892538715,11.96323359626973,1.0800503526923049,36.75001675940202,0.170573469494164,0.769442768504242,4.791699254392825,0.06256843422493352,38.94587085577231
2014,San Francisco,FALSE,0.8070143502927702,24.650344346348714,22.85428233366706,1.3500803980461757,20.2481720821577,10.063408270380146,0,0,0,20.02669821910743
2014,San Joaquin,FALSE,0.5083601413876643,10.705349696175384,16.555462885738116,0.6076492315024425,26.06537193693157,1.5647960602089042,2.2459192183962826,15.542714166567377,6.306843004090711,19.89753365900155
2014,San Luis Obispo,FALSE,1.326647863783558,1.5146766948709913,1.4833385563564192,0.4282878930324872,71.03311396636373,0,0,23.294682962498694,0,0.9192520630941189
2014,San Mateo,FALSE,2.048567870485679,38.455790784557905,20.242839352428394,10.684931506849315,0.36114570361145704,0,0,28.206724782067248,0,0
2014,Santa Barbara,FALSE,0.5295393645527625,1.2696184764578282,2.6476968227638125,0.1977797626642848,26.13882863340564,0.6635192037769555,3.8279954064055124,49.82774020671175,13.921143294628047,0.9761388286334056
2014,Santa Clara,FALSE,1.3783808069008896,20.350435798364632,6.778686315032798,0.6541468236139815,25.31224728187618,0,0,0,0,45.52610297421152
2014,Santa Cruz,FALSE,0.4112239961296565,0.1854539590388647,0.12901144976616674,0.32252862441541685,4.86211901306241,43.767134333172066,0.4434768585711982,37.49395258829221,2.0319303338171264,10.353168843734881
2014,Shasta,FALSE,3.647511988051254,2.3111390613945444,1.5800644603411682,0.290857636978225,79.74215863532741,2.877132300919739,2.2010848203757565,2.798522128763462,1.3835390299504755,3.167989937897964
2014,Sierra,FALSE,1.2269938650306749,0,0,0,90.1840490797546,2.4539877300613497,0,0,0.6134969325153374,5.521472392638037
2014,Siskiyou,FALSE,5.873115577889447,1.5389447236180904,2.3555276381909547,0.2198492462311558,75.65954773869346,3.6746231155778895,2.2613065326633164,2.5753768844221105,1.5389447236180904,4.302763819095477
2014,Solano,FALSE,0.9330701596985466,6.751300915126503,32.931096357437646,1.745020635205455,32.913152700520364,1.3592320114839405,0.8523237035707877,2.911358334828638,18.07823434415934,1.525210837968778
2014,Sonoma,FALSE,2.2067965188561955,2.154993783671778,3.7401574803149606,0.823663489432242,56.6100290095317,0,0.502486531288852,2.3414836303356816,0,31.620389556568586
2014,Stanislaus,FALSE,0.34287313693933247,3.512700300888671,5.464977958155482,0.6670865113241434,41.69057448743965,1.562755113941175,2.010589415249691,19.86331723928813,7.156018939658993,17.729106897114733
2014,Sutter,FALSE,1.0848301618353193,5.032900586875334,3.6457407078072204,0.4801707273697315,51.02258580828739,2.7031833540814514,1.0670460608216255,9.052107415970124,6.348924061888671,19.562511115063135
2014,Tehama,FALSE,2.056298662407666,0.798562587342783,1.0580954282291875,0.21960471151926533,71.97045318426832,1.7568376921541227,2.3158315032940706,2.9147534438011578,3.5735675783589538,13.335995208624476
2014,Trinity,FALSE,4.495504495504496,0.999000999000999,0.6993006993006993,0.1998001998001998,81.21878121878122,5.194805194805195,2.5974025974025974,1.7982017982017982,1.3986013986013985,1.3986013986013985
2014,Tulare,FALSE,0.3472290338401177,1.1515448749386954,1.5301618440411966,0.02550269740068661,18.15007356547327,2.9955860716037273,0,69.36145169200589,6.43845022069642,0
2014,Tuolumne,FALSE,1.6284479893652377,0.4985044865403789,0.6314390162844798,0.29910269192422734,83.74875373878365,2.59222333000997,1.030242605516783,4.885343968095713,2.226653373213692,2.459288800265869
2014,Ventura,FALSE,0.6880995888533576,2.3955002284148015,2.900867976244861,0.33691183188670626,35.87254454088625,0,0,0,57.806075833714026,0
2014,Yolo,FALSE,1.996615905245347,4.218838127467569,7.896221094190637,2.086858432036097,46.57642413987592,0,0,37.22504230118443,0,0
2014,Yuba,FALSE,1.7590441420511118,5.857948888151344,4.281447062728178,0.5144374377696648,61.41719216727514,3.0368403584467307,1.277796216395619,5.609027547295055,5.0282110852970465,11.21805509459011
2014,Statewide,FALSE,0.7189790574652029,5.402677530552263,14.229149945381158,0.8233874885667456,26.117609674730552,3.213529246433839,1.0416213924279258,21.301782863302222,7.013184824171759,20.13807797696833
2015,Alameda,FALSE,0.47317603427329114,14.118549779397659,35.11573630027495,1.1733486795830936,22.15454952362683,0,0.0031971353667114267,0.2669608031204041,26.638531875439607,0.05594986891744996
2015,Alpine,FALSE,55.445544554455445,0,0,0,40.59405940594059,0,0,0.9900990099009901,0.9900990099009901,1.9801980198019802
2015,Amador,FALSE,2.4684585847504112,0.6582556226001097,0.9873834339001646,0.10970927043335162,84.14701042238069,2.523313219967087,0.8776741634668129,3.4009873834339,2.7427317608337907,2.084476138233681
2015,Butte,FALSE,1.9189383070301291,4.4655667144906745,3.712338593974175,0.20923003347680535,70.55236728837876,3.4612625538020088,2.032520325203252,4.094930655188905,5.194882831181253,4.357962697274032
2015,Calaveras,FALSE,1.9507186858316221,0.8555783709787816,0.6502395619438741,0.17111567419575632,84.90759753593429,1.9507186858316221,0.7186858316221766,3.5592060232717317,2.0533880903490758,3.182751540041068
2015,Colusa,FALSE,1.8154311649016641,0.75642965204236,2.118003025718608,0.45385779122541603,40.5446293494705,1.51285930408472,2.723146747352496,21.331316187594553,21.6338880484115,7.110438729198185
2015,Contra Costa,FALSE,0.5713334812513867,5.799312181051698,29.135234080319503,0.8570002218770801,26.603061903705346,3.4030397159973376,4.354337696915908,0.43543376969159087,0.3605502551586421,28.480696694031508
2015,Del Norte,FALSE,10.528406833531983,4.688120778704807,0.7548669050456893,0.278108859753675,69.28883591577275,3.2578466428287642,1.66865315852205,3.89352403655145,3.098927294398093,2.542709574890743
2015,El Dorado,FALSE,1.067134945292449,1.2427394299608268,1.0941510198568147,0.22963663379710927,74.78049439416453,2.0262055923274347,7.659057138997704,3.0528164257733352,3.7147102526002973,5.133054167229502
2015,Fresno,FALSE,0.9312108804639717,6.679804364029938,9.74912443713816,0.3185721433166219,21.201384563545954,0,7.5252458212932805,0,53.594657790212075,0
2015,Glenn,FALSE,2.987012987012987,3.961038961038961,1.2337662337662338,0.06493506493506493,54.09090909090909,1.4935064935064934,0.7142857142857143,10.844155844155845,20.844155844155843,3.7662337662337664
2015,Humboldt,FALSE,9.124751819986765,2.498345466578425,2.4487094639311713,0.21508934480476505,62.830906684315025,5.195234943745864,7.006949040370616,2.4652547981469226,5.137326273990735,3.0774321641297155
2015,Imperial,FALSE,1.0079483930422761,0.38590024190761435,1.7682294666513074,0.057597051030987216,8.610759129132589,0.4089390623200092,1.1692201359290404,55.75394539799562,28.124640018431055,2.712821103559498
2015,Inyo,FALSE,25.238095238095237,0.2857142857142857,0.19047619047619047,0.2857142857142857,52.57142857142857,3.5238095238095237,0.09523809523809523,2.5714285714285716,7.904761904761905,7.333333333333333
2015,Kern,FALSE,0.44215832215655354,1.618299459092986,11.092278441834072,0.11496116376070392,30.447022063700274,1.1171866939822253,1.6728323188256276,22.028327609839497,15.485858302996359,15.9810756238117
2015,Kings,FALSE,0.40797403801576265,2.067686601761706,7.575336114974502,0.12980992118683357,24.432081594807602,0.8530366249420491,3.1061659712563747,7.139545665275846,19.42512749188688,34.863235975892444
2015,Lake,FALSE,3.1015187849720225,0.6874500399680256,3.3093525179856114,0.20783373301358912,73.50919264588329,2.158273381294964,3.1334932054356517,2.8137490007993606,5.211830535571543,5.867306155075939
2015,Lassen,FALSE,4.8732943469785575,1.1046133853151396,2.1442495126705654,0.7797270955165692,77.19298245614036,2.9889538661468484,2.2092267706302793,2.2742040285899936,2.014294996751137,4.418453541260559
2015,Los Angeles,FALSE,0.11532985529335119,3.1771844206035595,18.229261463668543,0.1597267464903492,10.686722948089658,8.282826908258333,0,40.71943376102905,0.35755657201566987,18.27195732455148
2015,Madera,FALSE,1.0529806815355278,0.812536273940801,3.4740071304203632,0.06632949175026946,26.27476991957549,0.6632949175026946,4.236796285548462,24.052731945941463,18.68833430063842,20.678219053146506
2015,Marin,FALSE,0.43083551315587015,4.80073857516541,10.155408524388367,0.21541775657793508,45.00692414217572,2.9081397138021234,1.615633174334513,15.879366056316357,15.940913986767194,3.0466225573165104
2015,Mariposa,FALSE,3.6541889483065955,0.35650623885918004,0.7130124777183601,0.17825311942959002,78.25311942959001,5.080213903743315,1.0695187165775402,6.7736185383244205,2.228163992869875,1.6934046345811051
2015,Mendocino,FALSE,6.971153846153846,0.7635746606334841,1.456447963800905,0.1414027149321267,65.83710407239819,2.8563348416289593,2.870475113122172,4.9349547511312215,5.769230769230769,8.399321266968325
2015,Merced,FALSE,0.3508495289155202,4.939488311585919,6.9144952103126105,0.2404699018409745,25.793353569598295,1.4467615405842236,0.1143217566129223,28.966767847991484,29.54626089013285,1.6872314424251982
2015,Modoc,FALSE,7.6923076923076925,0.21978021978021978,0.6593406593406593,0.21978021978021978,73.18681318681318,2.197802197802198,3.7362637362637363,1.978021978021978,2.857142857142857,7.252747252747253
2015,Mono,FALSE,3.8461538461538463,0.9615384615384616,0.5769230769230769,0.19230769230769232,56.15384615384615,3.4615384615384617,10,16.923076923076923,3.076923076923077,4.8076923076923075
2015,Monterey,FALSE,0.1979849531435611,2.358220775221083,3.7441154472260108,0.28597826565181045,17.347881561001365,1.4694883188877645,3.264551894056052,12.684235998064148,33.37146376875357,25.276079017994633
2015,Napa,FALSE,0.44052863436123346,2.9185022026431717,3.1112334801762116,0.3303964757709251,42.813876651982376,1.9273127753303965,0.46806167400881055,31.25,14.151982378854626,2.5881057268722465
2015,Nevada,FALSE,0.889304937982682,0.6786800842499415,0.5148607535689211,0.07020828457758016,85.79452375380295,2.4806927217411654,1.5211794991809033,5.172010297215071,2.0126374912239644,0.8659021764568219
2015,Orange,FALSE,0.322739810238698,13.272775805029564,3.1068762183630056,0.38744954662740944,26.20986985254269,0.08088717048588924,0,2.8213445065478164,0.008897588753447816,53.78915950141148
