year,county,flag_yr,aian,asian,black_african_american,hawaiian_pacific_islander,white,two_or_more_races,other,hispanic_white,hispanic_two_or_more_races,hispanic_other
2012.0,Alameda,FALSE,0.491578692884197,11.612539286002095,40.391651220888065,1.3796438069143364,19.356918365702313,0.006446933677169796,0.001611733419292449,0.07736320412603756,0.0,26.682246756386494
2012.0,Alpine,FALSE,57.142857142857146,0.0,0.0,1.1904761904761905,40.476190476190474,0.0,0.0,0.0,0.0,1.1904761904761905
2012.0,Amador,FALSE,2.9120559114735003,0.5824111822947,0.5824111822947,0.05824111822947001,84.2748980780431,1.2230634828188702,2.5043680838672104,4.8340128130460105,0.05824111822947001,2.9702970297029703
2012.0,Butte,FALSE,2.473548756076637,5.075779239348012,3.6459822705175866,0.27166142407778093,73.79897054618245,1.2439233628824706,1.2653703174149271,3.831855876465542,0.15012868172719473,8.242779525307407
2012.0,Calaveras,FALSE,1.7446471054718478,0.7930214115781126,0.7930214115781126,0.1586042823156225,86.08247422680412,0.63441712926249,0.9516256938937351,3.291038858049167,0.07930214115781126,5.471847739888977
2012.0,Colusa,FALSE,2.5677603423680457,1.2838801711840229,2.425106990014265,0.42796005706134094,38.80171184022824,0.9985734664764622,2.1398002853067046,33.66619115549216,0.42796005706134094,17.261055634807416
2012.0,Contra Costa,FALSE,0.6610668041362161,5.136913606452983,30.718379476604905,0.8824332110258665,28.69879006580344,0.7581041331837342,3.193134608969888,0.2577554052824696,0.15162082663674684,29.54180186190375
2012.0,Del Norte,FALSE,12.476226702168125,5.058957778623051,0.6846709775580069,0.26626093571700266,69.7984024343857,1.293267402054013,0.9889691898060099,5.058957778623051,0.07607455306200075,4.298212248003043
2012.0,El Dorado,FALSE,1.1346817957572768,1.1017924683440223,1.2004604505837855,0.1808913007728992,77.17480677520145,0.41111659266568,6.676533464890643,3.223154086498931,0.0657786548265088,8.830784410458806
2012.0,Fresno,FALSE,1.0298255486775465,6.74732695554305,10.889138998311761,0.48621271806415306,19.570061902082163,0.32639279684862127,1.2920652785593698,3.924592009003939,0.03939223410241981,55.694991558806976
2012.0,Glenn,FALSE,2.4964336661911557,4.279600570613409,1.9258202567760343,0.28530670470756064,54.42225392296719,0.7845934379457917,0.14265335235378032,34.165477888730386,0.0,1.4978601997146932
2012.0,Humboldt,FALSE,10.870101059896475,2.464875523786049,2.230712349026374,0.43135321666255855,69.5218141483855,2.070495439980281,4.251910278530934,2.181414838550653,0.12324377618930243,5.854079368991866
2012.0,Imperial,FALSE,0.9546199330341241,0.3134572914440408,1.8166274845052361,0.04274417610600555,9.08313742252618,0.11398446961601481,1.2182090190211583,81.85509724300064,0.192348792477025,4.409774168269573
2012.0,Inyo,FALSE,23.301985370950888,0.4179728317659352,0.31347962382445144,0.31347962382445144,52.97805642633229,1.567398119122257,0.7314524555903866,3.239289446185998,0.0,17.136886102403345
2012.0,Kern,FALSE,0.39022705689372356,1.270827937494604,11.651558318224986,0.14331347664681,30.28231028231028,0.3660536993870327,1.840628507295174,29.235949235949235,0.16230682897349563,24.656824656824657
2012.0,Kings,FALSE,0.3428927680798005,2.2132169576059852,8.07356608478803,0.09351620947630923,26.4546965918537,0.15586034912718205,1.6209476309226933,6.244804655029094,0.09351620947630923,54.7069825436409
2012.0,Lake,FALSE,2.638365403689744,0.7141440190438405,3.5508827613568736,0.1586986708986312,77.16722872445943,0.8530053560801428,1.408450704225352,3.312834755008927,0.11902400317397342,10.077365602063082
2012.0,Lassen,FALSE,5.62364816149964,0.8651766402307137,1.514059120403749,1.1535688536409516,80.31723143475126,1.225666906993511,0.5046863734679163,2.523431867339582,0.21629416005767843,6.056236481614996
2012.0,Los Angeles,TRUE,0.13365984247094687,3.1262089348993394,20.219194404468997,0.18607925970629652,11.51911858007211,0.682613001562911,5.317572690837627,40.310144994816085,0.34237036349287403,18.16303792767281
2012.0,Madera,FALSE,0.9102232442272684,0.776085081920092,3.8421002203698382,0.07665037846124365,27.067164894126666,0.21078854076842005,1.8396090830698477,29.42416403180991,0.2682763246143528,35.584938200632365
2012.0,Marin,FALSE,0.5594658003970402,4.1508752932683635,12.84966612524815,0.36094567767550984,47.84334957588883,0.7760332070023461,1.064789749142754,24.29164410756181,0.8482223425374481,7.255008121277748
2012.0,Mariposa,FALSE,4.0,0.45714285714285713,0.34285714285714286,0.0,81.48571428571428,3.8857142857142857,0.5714285714285714,7.428571428571429,0.11428571428571428,1.7142857142857142
2012.0,Mendocino,FALSE,6.807511737089202,0.731842032587683,1.712234189450428,0.1795084230875449,68.71030102181717,1.5189174261253797,1.5741507870753935,5.412869373101353,0.19331676332504832,13.15934824634079
2012.0,Merced,FALSE,0.4363041403444985,5.099304640276326,7.580784438485661,0.2499659137390356,27.15084306685452,0.39540062718720176,0.23178657455801482,56.12870972140163,0.17270372221969732,2.5541971549334184
2012.0,Modoc,FALSE,4.100227790432802,0.45558086560364464,0.45558086560364464,0.683371298405467,77.44874715261959,1.366742596810934,9.567198177676538,1.8223234624145785,0.0,4.100227790432802
2012.0,Mono,FALSE,3.3557046979865772,1.5659955257270695,0.6711409395973155,0.0,64.20581655480984,0.6711409395973155,0.6711409395973155,24.384787472035793,0.22371364653243847,4.250559284116331
2012.0,Monterey,FALSE,0.2690815006468305,2.059508408796895,4.093143596377749,0.4087968952134541,16.755498059508408,0.2276843467011643,2.809831824062096,18.023285899094436,1.0245795601552394,54.32858990944373
2012.0,Napa,FALSE,0.46349942062572425,2.2885283893395134,2.72305909617613,0.492468134414832,42.46813441483198,0.8111239860950173,0.9559675550405562,43.858632676709156,0.17381228273464658,5.764774044032445
2012.0,Nevada,FALSE,1.1726206708481046,0.8181074447777474,0.5726752113444232,0.13635124079629124,88.19198254704118,0.9544586855740387,0.7090264521407145,6.08126533951459,0.16362148895554948,1.199890919007363
2012.0,Orange,FALSE,0.403242272040508,11.875740128220833,3.3198578953816,0.8595696026787537,25.560455714810733,0.17660990648862754,0.13577524602882926,2.3316591122544814,0.018375597206909223,55.318714524888726
2012.0,Placer,FALSE,1.7381791661602042,2.1028321380819253,3.172480855718974,0.9602528260605324,76.09092014099915,0.0,0.0,0.0,0.0,15.935334872979215
2012.0,Plumas,FALSE,2.513227513227513,0.26455026455026454,2.380952380952381,0.0,85.31746031746032,1.9841269841269842,2.1164021164021163,2.6455026455026456,0.13227513227513227,2.6455026455026456
2012.0,Riverside,FALSE,0.371679147518172,1.7723419448157167,12.479630884156947,0.3423842393393998,28.362963912334987,0.4613948038156618,3.7900287456286503,11.839720233626892,0.09612391746159621,40.48373217130197
2012.0,Sacramento,FALSE,1.8931055736550144,6.581843796777318,26.776437439464647,4.597384872765695,40.24610372457515,0.0,0.0,16.533855771770714,0.0,3.371268820991459
2012.0,San Benito,FALSE,0.22970903522205208,0.7274119448698315,0.6891271056661562,0.07656967840735068,24.617151607963248,0.22970903522205208,0.0,72.77947932618683,0.19142419601837674,0.45941807044410415
2012.0,San Bernardino,FALSE,0.42733633611849353,1.800352156795505,17.59596932147167,0.3930439140842934,25.486523737610213,0.4629476974617013,2.5666558953289766,18.848961665028984,0.1140882502291657,32.304121025871
2012.0,San Diego,FALSE,0.6897411023397798,4.6243803454935435,13.548295226991572,1.1009157981862034,32.84324632212245,0.1753277382721763,1.0848960048415375,3.153229323341729,0.04983935707229377,42.73012878133872
2012.0,San Francisco,FALSE,0.8963840777879064,22.37010027347311,25.13825584928593,1.5223336371923428,22.08143421452446,0.0,8.201154664235794,0.0,0.0,19.790337283500456
2012.0,San Joaquin,FALSE,0.5343685773007536,10.733044073989495,16.558575017127197,0.4818451701301667,26.535738753139988,0.5891756108700617,1.929664306919388,17.978990637131766,0.4567252797442338,24.201872573646952
2012.0,San Luis Obispo,FALSE,1.5170243847623328,1.6518709967412069,1.6181593437464883,0.12360939431396786,69.05270255084841,0.0,0.0,25.384874705023037,0.0,0.6517586245645578
2012.0,San Mateo,TRUE,1.3297090802233325,31.54569497502204,21.525124889803116,15.927123126652953,0.8962679988245665,0.0,0.0073464590067587425,28.768733470467236,0.0,0.0
2012.0,Santa Barbara,FALSE,0.5141931393956469,1.070648728604635,2.859759104036064,0.22539973233781785,27.03388039726703,0.20426850743114744,0.3874057899556244,59.26604212157498,0.06339367472001127,8.375008804677044
2012.0,Santa Clara,FALSE,1.3458950201884252,18.263387576981117,7.2474407602267625,0.6709082752151393,22.013540519597047,0.0,0.0,0.0,0.0,50.45882784779151
2012.0,Santa Cruz,FALSE,0.40058266569555717,0.22760378732702113,0.1638747268754552,0.19118718135469775,4.351784413692644,0.27312454479242537,46.88638018936635,40.00364166059723,1.6205389657683904,5.881281864530226
2012.0,Shasta,FALSE,3.7123342707914824,2.24186420249096,1.7276014463640017,0.20891924467657694,80.2973081558859,1.502611490558457,3.7926878264363197,2.6195259140216955,0.12053033346725593,3.7766171153073524
2012.0,Sierra,FALSE,1.9230769230769231,0.0,0.0,0.6410256410256411,91.66666666666667,0.0,0.0,1.2820512820512822,0.0,4.487179487179487
2012.0,Siskiyou,FALSE,6.8407502758367045,1.4343508642883414,2.3170283192350127,0.25744759102611253,77.6756160353071,1.7653549098933432,1.5814637734461199,2.206693637366679,0.18389113644722324,5.737403457153365
2012.0,Solano,FALSE,1.0223514082389495,6.244362032675153,34.58955597875113,1.7590458053523104,29.47779893755638,1.0774781998596772,0.41094517389996993,2.5809361531522503,0.16538037486218302,22.672145935652
2012.0,Sonoma,FALSE,2.3980424143556283,2.147906470908102,3.9858618814573137,0.7014681892332789,54.676454594888526,0.0,0.5492115280043501,2.5122349102773245,0.0,33.02882001087548
2012.0,Stanislaus,FALSE,0.38215605954640824,3.526825856728944,5.6174443001298835,0.5445099410530523,43.28604256169447,0.5095414127285444,2.7325407133579778,17.15955639924068,0.07243480867219503,26.168947946847837
2012.0,Sutter,FALSE,1.3505341664986898,4.8377343277565,3.688772424914332,0.22172949002217296,53.073977020761944,1.148961902842169,1.411005845595646,10.945373916549082,0.8466035073573877,22.475307397702075
2012.0,Tehama,FALSE,1.9909931263332543,0.711068973690448,0.8058781701825077,0.2844275894761792,73.69044797345343,1.2088172552737615,1.9198862289642096,2.180611519317374,0.11851149561507467,17.089357667693765
2012.0,Trinity,FALSE,5.154639175257732,0.0,0.5154639175257731,0.12886597938144329,84.14948453608247,2.3195876288659796,3.0927835051546393,2.577319587628866,0.0,2.0618556701030926
2012.0,Tulare,FALSE,0.31181999685936695,1.1283845929515222,1.6039661708953048,0.0695425892276286,18.406353052022343,2.236579401933733,0.6348565403683514,69.05803441236512,3.7194068690131683,2.831056374363461
2012.0,Tuolumne,FALSE,1.5607985480943738,0.617059891107078,0.6896551724137931,0.2540834845735027,87.47731397459165,1.161524500907441,0.9800362976406534,4.682395644283122,0.2540834845735027,2.323049001814882
2012.0,Ventura,FALSE,0.5210331159698248,1.7932489451476794,3.500191791331032,0.3899757064314026,33.62741337424882,0.0,0.0,0.0,0.0,60.168137066871246
2012.0,Yolo,FALSE,2.4207119741100325,5.268608414239482,7.145631067961165,0.22006472491909385,46.3042071197411,0.0,0.0,38.640776699029125,0.0,0.0
2012.0,Yuba,FALSE,2.042936288088643,6.405817174515235,4.6225761772853184,0.4155124653739612,62.257617728531855,1.592797783933518,1.5235457063711912,6.024930747922438,0.2077562326869806,14.90650969529086
2013.0,Alameda,FALSE,0.5423459244532803,12.157455268389661,39.10616302186879,1.4139165009940358,19.570576540755468,0.006361829025844931,0.004771371769383698,0.13996023856858847,0.0,27.05844930417495
2013.0,Alpine,FALSE,62.637362637362635,0.0,1.098901098901099,0.0,32.967032967032964,0.0,0.0,0.0,0.0,3.2967032967032965
2013.0,Amador,FALSE,2.6112759643916914,0.47477744807121663,0.47477744807121663,0.11869436201780416,83.560830860534125,1.42433234421365,3.026706231454006,4.629080118694362,0.11869436201780416,3.5608308605341246
2013.0,Butte,FALSE,2.2602321319486864,4.6697889092513405,3.7195411660897304,0.31901174234711194,73.61026267562615,1.459309034141044,1.6222086472544628,4.303264779746148,0.16968709699314463,7.866693816602186
2013.0,Calaveras,FALSE,1.7468944099378882,0.8152173913043478,0.9316770186335404,0.3105590062111801,85.09316770186335,0.7763975155279503,1.0093167701863355,3.299689440993789,0.07763975155279502,5.9394409937888195
2013.0,Colusa,FALSE,3.506311360448808,1.262272089761571,2.244039270687237,0.2805049088359046,38.42917251051893,0.5610098176718092,2.9453015427769986,31.55680224403927,0.2805049088359046,18.93408134642356
2013.0,Contra Costa,TRUE,0.76993583868011,5.423159181179346,31.17018026275588,1.0357470210815765,28.02322028719829,0.4857928505957837,3.846623892453407,0.2383134738771769,0.10999083409715857,28.89703635808127
2013.0,Del Norte,FALSE,12.316831683168317,4.99009900990099,0.43564356435643564,0.31683168316831684,69.26732673267327,1.7821782178217822,1.702970297029703,4.712871287128713,0.0,4.475247524752476
2013.0,El Dorado,FALSE,0.98483664217602,1.31311552290136,1.2662185399405972,0.18758793184305142,75.28528997967797,0.7347193997186181,8.113178052211975,3.1420978583711117,0.12505862122870096,8.847897451930592
2013.0,Fresno,FALSE,1.5487481136336099,8.824339358690503,12.526574358635427,0.6443937741647665,30.067303349746098,0.0,0.005507639095425355,0.0,0.0,46.38313340603417
2013.0,Glenn,FALSE,3.214535290006988,4.053109713487072,1.816911250873515,0.20964360587002095,54.85674353598882,0.5590496156533893,0.13976240391334732,34.17190775681342,0.13976240391334732,0.8385744234800838
2013.0,Humboldt,FALSE,10.326827054017249,2.6441216522923288,2.076713572401271,0.3631411711302769,68.78120744439401,2.3490694507489787,4.857013163867453,2.2582841579664095,0.147526100771675,6.1960962324103495
2013.0,Imperial,FALSE,1.0400881664141066,0.3719520595123295,1.8253202920512468,0.05510400881664141,9.147265463562475,0.13087202093952335,1.5015842402534785,81.70546907287505,0.18597602975616476,4.036368645818984
2013.0,Inyo,FALSE,25.236294896030245,0.4725897920604915,0.4725897920604915,0.5671077504725898,51.70132325141777,1.890359168241966,0.3780718336483932,3.780718336483932,0.0945179584120983,15.406427221172022
2013.0,Kern,FALSE,0.442782147828858,1.3702765711218825,11.648189457088707,0.13920802374922428,30.67272696778089,0.4561997886721567,1.7409388994180097,29.87605454271003,0.19791020243865623,23.455713399191588
2013.0,Kings,FALSE,0.3515468059461631,2.0188830855765367,8.065488147850543,0.17075130574527922,25.6428284451587,0.1807955002008839,2.742065086380072,6.147047006830053,0.11048613901165126,54.57010847730012
2013.0,Lake,FALSE,2.5827434474842166,0.6696001530514636,3.2332121675913528,0.21044576238760282,76.4492060455328,0.9374402142720489,2.2957719533193037,3.003634972259422,0.09565716472163766,10.522288119380141
2013.0,Lassen,FALSE,4.908835904628331,0.7713884992987378,1.8934081346423561,1.1921458625525947,78.96213183730715,1.1220196353436185,1.1220196353436185,3.4361851332398317,0.21037868162692847,6.381486676016831
2013.0,Los Angeles,FALSE,0.13827860178990978,3.103646178955109,19.81078608963897,0.1892139103610309,11.686604372545151,0.7500403536775652,5.5343723658016035,40.47904299011783,0.3350251986297685,17.97298993848306
2013.0,Madera,FALSE,0.9615384615384616,0.7541478129713424,3.987556561085973,0.05656108597285068,27.667797888386122,0.19796380090497737,2.1587481146304675,29.732277526395173,0.2733785822021116,34.21003016591252
2013.0,Marin,FALSE,0.5380076362374175,4.30406108989934,11.714682401943769,0.3123915307185005,45.85213467545991,0.8156889968760846,1.076015272474835,26.553280111072546,0.798333911836168,8.03540437348143
2013.0,Mariposa,FALSE,4.3478260869565215,0.5434782608695652,0.5434782608695652,0.21739130434782608,81.52173913043478,3.260869565217391,0.32608695652173914,7.173913043478261,0.10869565217391304,1.9565217391304348
2013.0,Mendocino,FALSE,7.005633395926622,0.7944532717030189,1.7189079878665319,0.17333525928065868,67.99075545283837,1.3722374693052144,2.253358370648563,5.171168568539651,0.21666907410082334,13.303481149790553
2013.0,Merced,FALSE,0.396410524481617,5.118487541383517,7.21815647325318,0.30057501306847884,26.803450078410872,0.5096706743335075,0.30057501306847884,56.49503397804496,0.18295870360690017,2.6746820003484926
2013.0,Modoc,FALSE,3.855421686746988,0.4819277108433735,0.24096385542168675,0.24096385542168675,77.59036144578313,1.6867469879518073,1.6867469879518073,2.1686746987951806,0.0,12.048192771084338
2013.0,Mono,FALSE,5.75,1.25,1.0,0.25,64.25,1.25,1.0,21.25,0.25,3.75
2013.0,Monterey,FALSE,0.2523128679562658,2.2262900113788158,4.061742442982239,0.4056795131845842,17.19685351011725,0.29189135704744473,3.3542769504774155,16.415178350566467,0.821253648641963,54.97452134764755
2013.0,Napa,FALSE,0.3445036016285625,2.2862511744440965,2.4428437206388978,0.281866583150642,42.84372063889759,0.8455997494519261,0.7203257124960852,46.38271218290009,0.18791105543376135,3.664265580958346
2013.0,Nevada,FALSE,1.1544381734222677,0.8722421754746024,0.513083632632119,0.1539250897896357,87.60903027193433,1.07747562852745,1.1031298101590559,6.105695228322216,0.1539250897896357,1.2570548999486917
2013.0,Orange,FALSE,0.3779860901118839,12.072875718173572,3.3574614454188088,0.9563048079830663,25.8476338070759,0.05291805261566374,0.057642878742062295,2.7196099183550047,0.008504687027517388,54.549062594496526
2013.0,Placer,FALSE,1.5566037735849056,3.172169811320755,3.207547169811321,0.2358490566037736,76.26179245283019,0.0,15.566037735849056,0.0,0.0,0.0
2013.0,Plumas,FALSE,3.3635187580853816,0.517464424320828,3.4928848641655885,0.0,80.98318240620958,1.5523932729624839,3.8809831824062098,2.4579560155239326,0.129366106080207,3.6222509702457955
2013.0,Riverside,FALSE,0.3799654576856649,1.8290155440414508,12.329879101899827,0.35664939550949915,28.196891191709845,0.5302245250431779,4.327288428324698,12.946459412780657,0.10967184801381692,38.993955094991364
2013.0,Sacramento,FALSE,1.983675018982536,6.784147473213532,26.690500295283893,4.603264996203492,40.729140302033244,0.0,0.0,16.897620855479627,0.0,2.3116510588036783
2013.0,San Benito,FALSE,0.2608047690014903,0.7451564828614009,0.5588673621460507,0.11177347242921014,23.62146050670641,0.3353204172876304,0.18628912071535023,65.01490312965723,0.2608047690014903,8.90461997019374
2013.0,San Bernardino,FALSE,0.39377226315756525,1.799207447241403,17.213294352592072,0.3875119728052987,25.212067335683027,0.49393690879382984,3.018712007862925,20.74660222741131,0.1383524167850905,30.59654306766748
2013.0,San Diego,FALSE,0.7449351751372786,4.50306378048482,13.396594348936448,1.1871639428529468,34.37635136789027,0.2154029422083697,0.8975122592015404,4.091839981723386,0.056298496259005716,40.53083770530593
2013.0,San Francisco,FALSE,0.8941924227318045,23.80358923230309,24.545114656031906,1.4425473579262214,21.242522432701893,0.0,8.007228315054835,0.0,0.0,20.064805583250248
2013.0,San Joaquin,FALSE,0.536581211140448,10.844476620390086,16.261391704284133,0.5514862447832383,26.243505663912785,0.6792436760071544,2.5721829486415126,17.264287539391873,0.4790903670896857,24.567754024359083
2013.0,San Luis Obispo,FALSE,1.481980464802964,1.7289772089367912,1.8973840799371282,0.1908611204670484,69.10295273380487,0.0,0.0,25.014033905916694,0.0,0.5838104861345009
2013.0,San Mateo,FALSE,0.7934865107293176,29.634996205064514,19.5335679293452,8.252259711584903,2.083764576002208,0.0,0.027599530807976263,39.67432553646588,0.0,0.0
2013.0,Santa Barbara,FALSE,0.5298382598996096,1.0317902955939766,2.9559397657557165,0.22308979364194087,26.589514779698828,0.40435025097601784,0.1464026770775237,60.53402119353039,0.16731734523145567,7.417735638594534
2013.0,Santa Clara,FALSE,1.4647391769925042,19.253862628116874,7.22999847024629,0.6654428636989445,23.89092856050176,0.0,0.0,0.0,0.0,47.49502830044363
2013.0,Santa Cruz,FALSE,0.37797440082467143,0.24911949145262435,0.13744523666351688,0.6442745468602353,5.678206339661541,0.30925178249291296,44.47212438793918,39.6014088136758,1.3830426939266387,7.1471523065028775
2013.0,Shasta,FALSE,3.4673830912601797,2.19964738477038,1.7378893459827052,0.21828561833599194,80.75728318361179,1.897405759382084,3.2490974729241877,2.795735034841743,0.19309881622030056,3.4841742926706405
2013.0,Sierra,FALSE,1.2820512820512822,0.0,0.0,0.0,91.02564102564102,0.6410256410256411,0.6410256410256411,2.5641025641025643,0.0,3.8461538461538463
2013.0,Siskiyou,FALSE,6.241379310344827,1.5862068965517242,2.5517241379310347,0.13793103448275862,75.82758620689656,2.2758620689655173,2.793103448275862,2.7586206896551726,0.1724137931034483,5.655172413793103
2013.0,Solano,FALSE,1.0201135598113753,6.640361851602348,33.89471658165721,1.660090462900587,29.20796843422192,1.4050620729477432,0.8372630160716005,3.031469540948898,0.24059282071023,22.06236165912809
2013.0,Sonoma,FALSE,2.3814620571550895,2.17810125227443,4.110028898640693,0.7599272182382533,55.64058653537408,0.0,0.45488601091726427,2.5848228620357485,0.0,31.890185165364443
2013.0,Stanislaus,FALSE,0.361106430101832,3.637545439225788,5.604371795180433,0.541659645152748,42.73574231445148,0.6114735549724355,2.5999662967331907,20.325477262331784,0.08425816702376081,23.49839909482655
2013.0,Sutter,FALSE,1.112176414189837,4.793863854266539,3.815915627996165,0.3068072866730585,52.80920421860019,1.227229146692234,1.8600191754554172,9.913710450623203,0.8053691275167785,23.355704697986578
2013.0,Tehama,FALSE,2.199074074074074,0.8796296296296297,1.1111111111111112,0.18518518518518517,72.47685185185185,1.0648148148148149,2.314814814814815,2.638888888888889,0.06944444444444445,17.060185185185187
2013.0,Trinity,FALSE,5.2493438320209975,0.3937007874015748,0.3937007874015748,0.13123359580052493,81.10236220472441,3.1496062992125986,4.593175853018373,1.968503937007874,0.13123359580052493,2.8871391076115485
2013.0,Tulare,FALSE,0.3658195433711347,1.1985969744571883,1.6096059908329927,0.030126315336446385,18.01338469152805,2.5241548492608294,0.8220180327516086,68.45129220373997,3.6151578403735662,3.3698435583482174
2013.0,Tuolumne,FALSE,1.5205091937765205,0.5304101838755304,0.884016973125884,0.3536067892503536,85.32531824611033,1.5558698727015559,1.272984441301273,5.657708628005658,0.3536067892503536,2.545968882602546
2013.0,Ventura,FALSE,0.7446016381236039,1.6381236038719285,3.1645569620253164,1.0269297592454703,34.155497642094815,0.0,0.08997269793993547,0.0,0.0,59.180317696698935
2013.0,Yolo,FALSE,2.0127388535031847,4.0,7.452229299363057,1.9617834394904459,47.42675159235669,0.0,0.0,37.146496815286625,0.0,0.0
2013.0,Yuba,FALSE,1.9481648982431727,5.879283353626717,4.26161071490694,0.4000695773177944,62.32388241433293,1.8959819098973734,2.000347886588972,6.018437989215515,0.31309793007479564,14.95912332579579
2014.0,Alameda,FALSE,0.5107778819119025,13.898781630740393,35.7185254607935,1.2558575445173383,21.790065604498594,0.004686035613870665,0.014058106841611996,0.2139956263667604,0.0,26.593252108716026
2014.0,Alpine,FALSE,53.50877192982456,0.0,0.0,0.0,42.98245614035088,0.0,0.0,1.7543859649122806,0.0,1.7543859649122806
2014.0,Amador,FALSE,2.2033898305084745,0.6214689265536724,0.7344632768361582,0.1694915254237288,82.82485875706215,1.4689265536723164,3.389830508474576,4.519774011299435,0.11299435028248588,3.9548022598870056
2014.0,Butte,FALSE,2.170701945925117,4.662513647164601,3.6799177959026395,0.3403763406332284,72.0698734827564,2.074369019330807,1.8688587759296127,4.322137306531372,0.22477682872005653,8.58647485710616
2014.0,Calaveras,FALSE,2.023121387283237,0.9393063583815029,0.541907514450867,0.25289017341040465,85.4407514450867,0.7586705202312138,1.2644508670520231,3.5765895953757227,0.18063583815028902,5.021676300578035
2014.0,Colusa,FALSE,2.3448275862068964,0.8275862068965517,1.5172413793103448,0.27586206896551724,40.41379310344828,0.8275862068965517,4.137931034482759,27.17241379310345,0.27586206896551724,22.20689655172414
2014.0,Contra Costa,FALSE,0.6037414965986394,5.481859410430839,29.991496598639454,0.9580498866213152,27.261904761904763,0.7794784580498866,5.209750566893424,0.35714285714285715,0.15589569160997732,29.200680272108844
2014.0,Del Norte,FALSE,12.37721021611002,4.950884086444008,0.550098231827112,0.3143418467583497,67.93713163064832,2.318271119842829,1.8467583497053046,4.282907662082515,0.11787819253438114,5.304518664047151
2014.0,El Dorado,FALSE,1.106098093436181,1.2952990831028963,1.062436326590016,0.40750982389754037,74.67617522922427,0.8441274923591908,8.484936690438072,3.143647212923883,0.029107844564110027,8.950662203463834
2014.0,Fresno,FALSE,1.0977355889059766,6.338229835074508,10.626292623428965,1.3894044651853423,25.76549822347139,0.0,0.00636368457336798,0.0,0.0,54.77647557936045
2014.0,Glenn,FALSE,2.686762778505898,4.128440366972477,1.1795543905635648,0.1310615989515072,53.73525557011796,0.7208387942332897,1.1795543905635648,15.334207077326344,0.1310615989515072,20.77326343381389
2014.0,Humboldt,FALSE,9.53464126623069,2.682210217041039,2.2936214576817364,0.5876220263482135,67.15951094682968,2.985499004833665,5.203298265567245,2.388399203866932,0.27485546393706756,6.890342147663729
2014.0,Imperial,FALSE,1.060491967871486,0.3953313253012048,1.8386044176706828,0.10667670682730923,8.659638554216867,0.20707831325301204,1.518574297188755,68.43624497991968,0.1945281124497992,17.582831325301203
2014.0,Inyo,FALSE,24.906367041198504,0.4681647940074906,0.37453183520599254,0.18726591760299627,53.27715355805243,1.7790262172284643,0.4681647940074906,3.932584269662921,0.0,14.606741573033707
2014.0,Kern,FALSE,0.4247553215543138,1.535902322426435,11.353725895539261,0.19057463096353242,30.8052585677832,0.505507283826997,1.9332019768080364,26.530249685067346,0.19380470945443976,26.527019606576438
2014.0,Kings,FALSE,0.3525954946131244,1.860920666013712,7.8648383937316355,0.2546523016650343,25.112634671890305,0.2742409402546523,2.9774730656219393,6.474045053868756,0.039177277179236046,54.78942213516161
2014.0,Lake,FALSE,3.004524886877828,0.77828054298642535,3.5475113122171944,0.2171945701357466,74.46153846153847,1.2126696832579185,3.18552036199095,2.7149321266968327,0.1085972850678733,10.76923076923077
2014.0,Lassen,FALSE,5.013020833333333,0.8463541666666666,2.4088541666666665,0.8463541666666666,77.47395833333333,1.3671875,2.6041666666666665,3.1901041666666665,0.0,6.25
2014.0,Los Angeles,FALSE,0.1241258263672622,3.1741722668415013,18.929273889526307,0.18405452658034202,10.988465005736764,0.7771949953559526,6.865507020706988,40.4093591214555,0.33447385674479596,18.21337349068459
2014.0,Madera,FALSE,0.8342747892587121,0.8082037020943773,3.6499522030068654,0.1564265229860085,27.079169201355697,0.2780915964195707,3.119840097332059,27.852611453897627,0.18249761015034327,36.03893282349874
2014.0,Marin,FALSE,0.49871299871299873,4.601029601029601,10.183397683397683,0.6435006435006435,46.10682110682111,1.0296010296010296,1.5604890604890604,21.396396396396398,0.6756756756756757,13.304375804375804
2014.0,Mariposa,FALSE,3.482587064676617,0.39800995024875624,0.8955223880597015,0.29850746268656714,80.39800995024876,3.781094527363184,0.9950248756218906,6.865671641791045,0.4975124378109453,2.388059701492537
2014.0,Mendocino,FALSE,6.500198176773682,0.6870128154313648,1.823226317875545,0.25102391333069096,67.10265556876735,1.572202404544854,2.9198044655833004,5.271502179944511,0.19817677368212447,13.674197384066588
2014.0,Merced,FALSE,0.38982355354944603,5.18670496512105,6.9224456298727945,0.3487894952810833,26.6516208453016,0.6606483381206402,0.3816167418957735,42.7944193680755,0.24210094378334018,16.42183011899877
2014.0,Modoc,FALSE,7.494646680942184,0.21413276231263384,0.21413276231263384,0.21413276231263384,75.80299785867237,1.7130620985010707,2.78372591006424,1.284796573875803,0.0,10.278372591006423
2014.0,Mono,FALSE,3.8314176245210727,1.1494252873563218,0.3831417624521073,0.5747126436781609,62.26053639846743,1.3409961685823755,2.10727969348659,20.49808429118774,0.7662835249042146,7.088122605363985
2014.0,Monterey,FALSE,0.2711646291019395,2.403713576615498,3.718172626160493,0.5974813861568159,17.019027484143763,0.3447007997058553,3.9479731592977294,14.63829396084199,0.7215736740509238,56.33789870392499
2014.0,Napa,FALSE,0.3970504821327283,2.864435621100397,3.2047646057855927,0.45377197958026094,42.73964832671582,1.0209869540555871,0.7090187180941577,37.0391378332388,0.17016449234259784,11.401020986954055
2014.0,Nevada,FALSE,1.1371712864250179,0.8054963278843876,0.4975124378109453,0.21321961620469082,85.66690357735133,1.44515517649846,2.2506515043828474,5.828002842928216,0.16583747927031509,1.9900497512437811
2014.0,Orange,FALSE,0.3343711348999872,12.564507186420437,3.2524416769736,0.9553460997142491,24.77246556062609,0.052032242930865356,0.049473280163773614,2.9274534055529493,0.0059709131232140574,55.08593849959483
2014.0,Placer,FALSE,1.7379969585053225,2.2159461220942864,2.9871822724310233,1.2709102759070172,76.73256571801,0.0,15.055398653052357,0.0,0.0,0.0
2014.0,Plumas,FALSE,2.928870292887029,0.3138075313807531,4.079497907949791,0.10460251046025104,74.47698744769875,1.7782426778242677,9.518828451882845,2.510460251046025,0.10460251046025104,4.184100418410042
2014.0,Riverside,FALSE,0.37727349512923025,1.8791276857609422,12.05103247447974,0.46254213155502644,28.31401381995447,0.629057298914836,5.078310393925012,11.968177101349013,0.1319250601304771,39.10854053880125
2014.0,Sacramento,FALSE,1.7516896218793718,6.729916651888633,25.397529112726843,4.406809718035112,41.98143878938346,0.0,0.0,17.760241177513745,0.0,1.972374928572836
2014.0,San Benito,FALSE,0.33210332103321033,0.5904059040590406,0.44280442804428044,0.22140221402214022,22.10332103321033,0.36900369003690037,1.1070110701107012,49.52029520295203,0.33210332103321033,24.981549815498155
2014.0,San Bernardino,FALSE,0.3769084245691028,1.9563342037158191,16.79529414489263,0.5118080603979829,25.115648936724543,0.5766525205389038,3.576287770450611,18.948477602607674,0.1499528140758796,31.992635522026852
2014.0,San Diego,FALSE,0.7269856167087514,4.739558892538715,11.96323359626973,1.0800503526923049,36.75001675940202,0.16759402024535763,0.7724222177530483,4.791699254392825,0.06256843422493352,38.94587085577231
2014.0,San Francisco,FALSE,0.8070143502927702,24.650344346348714,22.85428233366706,1.3500803980461757,20.2481720821577,0.0,10.063408270380146,0.0,0.0,20.02669821910743
2014.0,San Joaquin,FALSE,0.5083601413876643,10.705349696175384,16.555462885738116,0.6076492315024425,26.06537193693157,0.8340283569641368,2.97668692164105,15.542714166567377,0.45275825092338856,25.75161841216887
2014.0,San Luis Obispo,FALSE,1.326647863783558,1.5146766948709913,1.4833385563564192,0.4282878930324872,71.03311396636373,0.0,0.0,23.294682962498694,0.0,0.9192520630941189
2014.0,San Mateo,FALSE,2.048567870485679,38.455790784557905,20.242839352428394,10.684931506849315,0.36114570361145704,0.0,0.0,28.206724782067248,0.0,0.0
2014.0,Santa Barbara,FALSE,0.5295393645527625,1.2696184764578282,2.6476968227638125,0.1977797626642848,26.13882863340564,0.4529794564246523,4.038535153757816,49.82774020671175,0.28071966313640423,14.616562460125047
2014.0,Santa Clara,FALSE,1.3783808069008896,20.350435798364632,6.778686315032798,0.6541468236139815,25.31224728187618,0.0,0.0,0.0,0.0,45.52610297421152
2014.0,Santa Cruz,FALSE,0.4112239961296565,0.1854539590388647,0.12901144976616674,0.32252862441541685,4.86211901306241,0.29027576197387517,43.920335429769395,37.49395258829221,1.2901144976616674,11.09498467989034
2014.0,Shasta,FALSE,3.647511988051254,2.3111390613945444,1.5800644603411682,0.290857636978225,79.74215863532741,2.3583051646883106,2.7199119566071848,2.798522128763462,0.3065796714094804,4.244949296438959
2014.0,Sierra,FALSE,1.2269938650306749,0.0,0.0,0.0,90.1840490797546,2.4539877300613497,0.0,0.0,0.0,6.134969325153374
2014.0,Siskiyou,FALSE,5.873115577889447,1.5389447236180904,2.3555276381909547,0.2198492462311558,75.65954773869346,2.9522613065326633,2.9836683417085426,2.5753768844221105,0.157035175879397,5.684673366834171
2014.0,Solano,FALSE,0.9330701596985466,6.751300915126503,32.931096357437646,1.745020635205455,32.913152700520364,1.3592320114839405,0.8523237035707877,2.911358334828638,0.24672528261259644,19.35671989951552
2014.0,Sonoma,FALSE,2.2067965188561955,2.154993783671778,3.7401574803149606,0.823663489432242,56.6100290095317,0.0,0.502486531288852,2.3414836303356816,0.0,31.620389556568586
2014.0,Stanislaus,FALSE,0.34287313693933247,3.512700300888671,5.464977958155482,0.6670865113241434,41.69057448743965,0.9353205980453899,2.6380239311454763,19.86331723928813,0.17260280362932381,24.712523033144404
2014.0,Sutter,FALSE,1.0848301618353193,5.032900586875334,3.6457407078072204,0.4801707273697315,51.02258580828739,1.760626000355682,2.0096034145473944,9.052107415970124,0.6580117375066691,25.253423439445136
2014.0,Tehama,FALSE,2.056298662407666,0.798562587342783,1.0580954282291875,0.21960471151926533,71.97045318426832,1.3775204631663007,2.6951487322818926,2.9147534438011578,0.11978438810141745,16.789778398882014
2014.0,Trinity,FALSE,4.495504495504496,0.999000999000999,0.6993006993006993,0.1998001998001998,81.21878121878122,4.195804195804196,3.5964035964035963,1.7982017982017982,0.0999000999000999,2.6973026973026974
2014.0,Tulare,FALSE,0.3472290338401177,1.1515448749386954,1.5301618440411966,0.02550269740068661,18.15007356547327,2.436488474742521,0.5590975968612065,69.36145169200589,3.4173614516920057,3.021088769004414
2014.0,Tuolumne,FALSE,1.6284479893652377,0.4985044865403789,0.6314390162844798,0.29910269192422734,83.74875373878365,1.927550681289465,1.694915254237288,4.885343968095713,0.3988035892323031,4.287138584247258
2014.0,Ventura,FALSE,0.6880995888533576,2.3955002284148015,2.900867976244861,0.33691183188670626,35.87254454088625,0.0,0.0,0.0,0.0,57.806075833714026
2014.0,Yolo,FALSE,1.996615905245347,4.218838127467569,7.896221094190637,2.086858432036097,46.57642413987592,0.0,0.0,37.22504230118443,0.0,0.0
2014.0,Yuba,FALSE,1.7590441420511118,5.857948888151344,4.281447062728178,0.5144374377696648,61.41719216727514,2.2900763358778624,2.024560238964487,5.609027547295055,0.28211085297046135,15.964155326916694
2015.0,Alameda,FALSE,0.47317603427329114,14.118549779397659,35.11573630027495,1.1733486795830936,22.15454952362683,0.0,0.0031971353667114267,0.2669608031204041,0.00959140610013428,26.68489033825692
2015.0,Alpine,FALSE,55.445544554455445,0.0,0.0,0.0,40.59405940594059,0.0,0.0,0.9900990099009901,0.0,2.9702970297029703
2015.0,Amador,FALSE,2.4684585847504112,0.6582556226001097,0.9873834339001646,0.10970927043335162,84.14701042238069,1.8102029621503017,1.5907844212835984,3.4009873834339,0.21941854086670323,4.607789358200768
2015.0,Butte,FALSE,1.9189383070301291,4.4655667144906745,3.712338593974175,0.20923003347680535,70.55236728837876,2.5585844093735055,2.935198469631755,4.094930655188905,0.22716403634624582,9.32568149210904
2015.0,Calaveras,FALSE,1.9507186858316221,0.8555783709787816,0.6502395619438741,0.17111567419575632,84.90759753593429,1.3689253935660506,1.3004791238877482,3.5592060232717317,0.13689253935660506,5.099247091033539
2015.0,Colusa,FALSE,1.8154311649016641,0.75642965204236,2.118003025718608,0.45385779122541603,40.5446293494705,1.361573373676248,2.8744326777609683,21.331316187594553,0.6051437216338881,28.139183055975796
2015.0,Contra Costa,FALSE,0.5713334812513867,5.799312181051698,29.135234080319503,0.8570002218770801,26.603061903705346,0.6905924118038607,7.066785001109386,0.43543376969159087,0.1386731750610162,28.70257377412913
2015.0,Del Norte,FALSE,10.528406833531983,4.688120778704807,0.7548669050456893,0.278108859753675,69.28883591577275,2.9797377830750893,1.946762018275725,3.89352403655145,0.23837902264600716,5.403257846642829
2015.0,El Dorado,FALSE,1.067134945292449,1.2427394299608268,1.0941510198568147,0.22963663379710927,74.78049439416453,1.1346751317033634,8.550587599621775,3.0528164257733352,0.10806429825746319,8.739700121572335
2015.0,Fresno,FALSE,0.9312108804639717,6.679804364029938,9.74912443713816,0.3185721433166219,21.201384563545954,0.0,7.5252458212932805,0.0,0.0,53.594657790212075
2015.0,Glenn,FALSE,2.987012987012987,3.961038961038961,1.2337662337662338,0.06493506493506493,54.09090909090909,1.1688311688311688,1.0389610389610389,10.844155844155845,0.2597402597402597,24.350649350649352
2015.0,Humboldt,FALSE,9.124751819986765,2.498345466578425,2.4487094639311713,0.21508934480476505,62.830906684315025,4.070152217074785,8.132031767041694,2.4652547981469226,0.2399073461283918,7.9748510919920585
2015.0,Imperial,FALSE,1.0079483930422761,0.38590024190761435,1.7682294666513074,0.057597051030987216,8.610759129132589,0.2995046653611335,1.2786545328879162,55.75394539799562,0.25342702453634375,30.58403409745421
2015.0,Inyo,FALSE,25.238095238095237,0.2857142857142857,0.19047619047619047,0.2857142857142857,52.57142857142857,2.761904761904762,0.8571428571428571,2.5714285714285716,0.0,15.238095238095237
2015.0,Kern,FALSE,0.44215832215655354,1.618299459092986,11.092278441834072,0.11496116376070392,30.447022063700274,0.7089271765243408,2.081091836283512,22.028327609839497,0.2741381597370632,31.192795767070997
2015.0,Kings,FALSE,0.40797403801576265,2.067686601761706,7.575336114974502,0.12980992118683357,24.432081594807602,0.4172461752433936,3.5419564209550303,7.139545665275846,0.15762633286972647,54.130737134909594
2015.0,Lake,FALSE,3.1015187849720225,0.6874500399680256,3.3093525179856114,0.20783373301358912,73.50919264588329,1.486810551558753,3.8049560351718625,2.8137490007993606,0.23980815347721823,10.839328537170264
2015.0,Lassen,FALSE,4.8732943469785575,1.1046133853151396,2.1442495126705654,0.7797270955165692,77.19298245614036,1.949317738791423,3.248862897985705,2.2742040285899936,0.1299545159194282,6.302794022092268
2015.0,Los Angeles,FALSE,0.11532985529335119,3.1771844206035595,18.229261463668543,0.1597267464903492,10.686722948089658,0.8406491812090583,7.442177727049274,40.71943376102905,0.35755657201566987,18.27195732455148
2015.0,Madera,FALSE,1.0529806815355278,0.812536273940801,3.4740071304203632,0.06632949175026946,26.27476991957549,0.38139457756404943,4.518696625487107,24.052731945941463,0.1409501699693226,39.2256031838156
2015.0,Marin,FALSE,0.43083551315587015,4.80073857516541,10.155408524388367,0.21541775657793508,45.00692414217572,1.6310201569472227,2.8927527311894137,15.879366056316357,0.5539313740575473,18.43360517002616
2015.0,Mariposa,FALSE,3.6541889483065955,0.35650623885918004,0.7130124777183601,0.17825311942959002,78.25311942959001,4.278074866310161,1.8716577540106951,6.7736185383244205,0.44563279857397503,3.4759358288770055
2015.0,Mendocino,FALSE,6.971153846153846,0.7635746606334841,1.456447963800905,0.1414027149321267,65.83710407239819,2.262443438914027,3.464366515837104,4.9349547511312215,0.2403846153846154,13.92816742081448
2015.0,Merced,FALSE,0.3508495289155202,4.939488311585919,6.9144952103126105,0.2404699018409745,25.793353569598295,0.9737059959790278,0.587377301218118,28.966767847991484,0.3902708242992865,30.84322150825876
2015.0,Modoc,FALSE,7.6923076923076925,0.21978021978021978,0.6593406593406593,0.21978021978021978,73.18681318681318,1.978021978021978,3.956043956043956,1.978021978021978,0.21978021978021978,9.89010989010989
2015.0,Mono,FALSE,3.8461538461538463,0.9615384615384616,0.5769230769230769,0.19230769230769232,56.15384615384615,2.1153846153846154,11.346153846153847,16.923076923076923,0.19230769230769232,7.6923076923076925
2015.0,Monterey,FALSE,0.1979849531435611,2.358220775221083,3.7441154472260108,0.28597826565181045,17.347881561001365,0.69514716881517,4.038893044128646,12.684235998064148,0.5411588719257336,58.10638391482247
2015.0,Napa,FALSE,0.44052863436123346,2.9185022026431717,3.1112334801762116,0.3303964757709251,42.813876651982376,1.2665198237885462,1.1288546255506609,31.25,0.3303964757709251,16.409691629955947
